[[1.0, 0.8360386357483813, 0.8525794458304519, 0.8176119560958108, 0.6715981798832371, 0.7712305237990235, 0.6628359533986292, 0.6801934789754197, 0.836614268642806, 0.7926601885150236, 0.7612347546698179, 0.750110449658584, 0.650980302051534, 0.7357728063498515, 0.6424993043559124, 0.6214857094737121, 0.6656739840525783, 0.6723370770860201, 0.6661466852243758, 0.6499641081127248, 0.7030284984139322, 0.760216486347825, 0.7918078137115161, 0.8021306474083316, 0.7769411810837487, 0.7204343117427066, 0.713181616386419, 0.7098859528090762, 0.7140048621408082, 0.8072397039015863, 0.7113431360647171, 0.7118736109861085, 0.8093569605334631, 0.7513803279282509, 0.7179782887024843, 0.7223264636945775, 0.8070664929786161, 0.7459204095857108, 0.7236378977438003, 0.7405988076950357, 0.7759421235865108, 0.7035206459416767, 0.8065300442666988, 0.790900806015253, 0.7664341524514852, 0.7287929537615128, 0.736877731008521, 0.710996119315726, 0.7092220909191562, 0.7190537985110423, 0.7707105749499441, 0.7672547576201738, 0.7013482287435473, 0.7113104450509525, 0.7914880758520823, 0.7123190289553017, 0.7827695230634244, 0.730055227923705, 0.8023648967503448, 0.8078487753353686, 0.7105667048700267, 0.7137349804007581, 0.7660877392474021, 0.816479574023635, 0.7001280915264857, 0.7147969598960539, 0.8022134505465561, 0.7071034438958296, 0.7127464724624148, 0.780043605478098, 0.552042151712263, 0.6076341249925278, 0.5841727528268112, 0.5792127406306614, 0.5682830187626372, 0.610001880185649, 0.5972198675502761, 0.6102100695683418, 0.5906563267713587, 0.5922898476974423, 0.621562374791051, 0.6135854330740986, 0.6222722777526914, 0.6201579090990378, 0.616222062185698, 0.6224559459621526, 0.6445605229685057, 0.6496916104912869, 0.6469795731631397, 0.6250111384062896, 0.6461499774487005, 0.6392341793365736, 0.6627016452949213, 0.6594416119906992, 0.6597012766053818, 0.6702374085243296, 0.6747243289915266, 0.6621307246129762, 0.6649276879218229, 0.6907955452936425], [0.8360386357483813, 1.0, 0.8103707446390247, 0.7827217545251052, 0.6960898804910086, 0.7799084914299634, 0.6771407552343476, 0.6836570792497831, 0.7746461380302503, 0.7879028699263176, 0.774942159335113, 0.7709985247440202, 0.661555721057724, 0.7681839388450972, 0.6419924488567222, 0.6057134912368884, 0.6833712324615976, 0.6651071398598656, 0.6674945851962697, 0.6480886726495156, 0.7299776119875243, 0.7779825223237509, 0.7886683224690908, 0.7392814732523764, 0.8067236491918375, 0.7486337310940837, 0.7293788944084811, 0.7159108983585298, 0.7420012878955686, 0.777615382116589, 0.7394372510171073, 0.7242838141111627, 0.7742519894343147, 0.7727000205669796, 0.7341920117685539, 0.7339602712869011, 0.769342294101122, 0.7436629326509462, 0.7492230288343072, 0.7505310519086509, 0.7704398900969899, 0.7310810111445005, 0.7651879110619955, 0.7289196518759439, 0.7679662732055107, 0.7447496700140097, 0.7392066214486706, 0.7213311668516104, 0.7247096874230493, 0.7386499354289954, 0.7926095358605622, 0.7966660827073219, 0.7257403634201234, 0.7279033367627747, 0.7672063430987063, 0.7354393626643222, 0.7253265775132911, 0.6782454926710915, 0.7777136740605378, 0.7752243259583137, 0.7269020157254796, 0.7194845317514718, 0.7585968785039663, 0.7734481819589176, 0.7234810656846149, 0.7244413166778297, 0.7554575461174797, 0.7161499686957545, 0.7347586401923796, 0.7803886711194125, 0.5230421920376421, 0.5748290224657635, 0.5510129423774581, 0.5504010646380575, 0.5337248045354269, 0.580332894988058, 0.5567604246429605, 0.5725861064078734, 0.554595088378429, 0.564903154579583, 0.5879565878285362, 0.5713657475915903, 0.5909547696563765, 0.5780644309706351, 0.582564021063746, 0.5775549306592783, 0.6018777422511525, 0.606584472556097, 0.6038615587227383, 0.5804688475757804, 0.6043445785401472, 0.6029886106583974, 0.6193048582788784, 0.6099545473534503, 0.6123402978814007, 0.6268780080540609, 0.6290667403381202, 0.6433876791479449, 0.6227902366613586, 0.6575774858706808], [0.8525794458304519, 0.8103707446390247, 1.0, 0.8224078262946466, 0.6760971861668409, 0.7771166802376122, 0.6646948169727427, 0.6790609716870861, 0.8185116125471905, 0.7834798576257241, 0.7770788796210468, 0.7490987636870328, 0.6500311932114975, 0.7316906470493149, 0.6391830260194935, 0.6085452931658542, 0.6682453199245805, 0.651552218051711, 0.6610423478723378, 0.6575758086389715, 0.7017859784121462, 0.7547066620762106, 0.7933631452404848, 0.8052165654761916, 0.7656865267982633, 0.714612371509663, 0.7115739828488951, 0.7058452252210782, 0.7070722777924113, 0.8179384767032852, 0.7088295447052847, 0.7050364414151591, 0.8304127299765685, 0.7529426242010989, 0.7083367831374553, 0.7127005125624308, 0.7885474575010541, 0.7347639212114699, 0.7258251375654875, 0.7454129105758739, 0.7834683944441925, 0.7015808122449196, 0.7956757634353113, 0.768960524741343, 0.7676620192229457, 0.7241009647999979, 0.7371219707881848, 0.7130821810265867, 0.7057970175321684, 0.7081997594019372, 0.7909703288335633, 0.7799219675126614, 0.6928376401833584, 0.708525427057255, 0.7814902780372003, 0.701399636361984, 0.765476381035784, 0.7167298937701739, 0.8006649724675213, 0.8050973712512551, 0.7111608887235524, 0.7056130537941766, 0.7568653146876577, 0.8185607935229994, 0.6995603882431394, 0.7062843505898249, 0.7813248302753215, 0.7026620961086747, 0.7034997502380941, 0.7749891704603535, 0.535341857373549, 0.5939371697257524, 0.5768576690211245, 0.5720647294139349, 0.5712781983984732, 0.5948816420278719, 0.5865326820882981, 0.601104371517569, 0.5883950457979787, 0.5879621028977758, 0.6046920382579778, 0.6005758508416145, 0.6030435790687546, 0.6050880634448507, 0.6045632017804342, 0.6002288428556276, 0.6178810540725276, 0.6271280778750936, 0.6223812672579713, 0.6068444926646634, 0.6223800087638639, 0.6237439408000005, 0.6420122055361521, 0.6338939385353721, 0.6397340028012407, 0.6469793192377685, 0.6493344458319252, 0.6463368940983129, 0.6481831145064308, 0.6807041970337457], [0.8176119560958108, 0.7827217545251052, 0.8224078262946466, 1.0, 0.6442095786578285, 0.7502688110218688, 0.6315370792952595, 0.6363630233375935, 0.8261433589368843, 0.742488988119745, 0.727680763583752, 0.7179153584180613, 0.612355315947957, 0.710375226492123, 0.6025142748949279, 0.5938107065518596, 0.6607739905852951, 0.6245788239063728, 0.6419456962102804, 0.633747392519717, 0.682492014798919, 0.7344166277998935, 0.7529511177866535, 0.8048085038070165, 0.7473685059410438, 0.6980186740210158, 0.670131888571698, 0.6798267079939122, 0.6683826645106734, 0.8006446957358438, 0.6740483574804922, 0.6719432527376006, 0.8138097473445457, 0.726648685250362, 0.6725312135828113, 0.6700253393698674, 0.7889141271701712, 0.701224462953718, 0.7131099363445383, 0.7125584603574788, 0.7714126711366935, 0.6872536537292122, 0.7895105145366927, 0.7772642292023244, 0.730433681562792, 0.6918269231610331, 0.7020539768865766, 0.6708116411045748, 0.6753850939027969, 0.6726513890977451, 0.7760873333424269, 0.7630805087307647, 0.6676675844647553, 0.6729302202901876, 0.7420775214337545, 0.674072625417196, 0.7735057917433167, 0.7464843635799325, 0.7839951190381715, 0.7725883984581964, 0.6747085499906709, 0.6689857115193194, 0.7307861324212281, 0.7898868808846268, 0.6738242623143524, 0.6710316963179274, 0.7850944901399041, 0.6678215859135889, 0.6726438929066377, 0.7489547627136046, 0.5422456093372738, 0.5943695419692758, 0.5886192017746644, 0.5910328844118582, 0.5977725197317082, 0.6030817270103872, 0.5959509390083298, 0.6100422206289527, 0.597631676014295, 0.5989290264573319, 0.604760929589158, 0.6073220420454274, 0.6195392034998625, 0.6079125316379995, 0.6207509836734845, 0.606279006268469, 0.6229356435028823, 0.6237514631499638, 0.6214745346344255, 0.6158721990659561, 0.6280027017778262, 0.6320933307173484, 0.6456486540241394, 0.6421349533238957, 0.642332878055668, 0.6546242569975623, 0.6528197041982953, 0.6689426715858221, 0.6586553326491232, 0.7026038505383678], [0.6715981798832371, 0.6960898804910086, 0.6760971861668409, 0.6442095786578285, 1.0, 0.7638513690816371, 0.8170543370698148, 0.8229413523628581, 0.6385590069606291, 0.7527739243235465, 0.8207311885236866, 0.812678319747408, 0.7952424312927068, 0.8070563404000374, 0.7844964384374614, 0.7699646986740462, 0.8428377442104704, 0.8231609366384041, 0.8503194955248956, 0.8274564800406881, 0.8677810347143721, 0.7776083733007705, 0.7194146082188766, 0.6296474380389088, 0.7638189127822594, 0.8317302053112657, 0.8757994259507155, 0.8265622459550998, 0.861574522227453, 0.7087754228550182, 0.8550149255836704, 0.8635535992054391, 0.6586983410631146, 0.7841763623430424, 0.8718012453300646, 0.8740727282861754, 0.6478037714340652, 0.8119337221285038, 0.8203256146930026, 0.8247543085243605, 0.7147144776404801, 0.844976914453796, 0.6768474996004684, 0.6180723888887213, 0.7786819953574027, 0.8032812076467152, 0.7744490057121428, 0.8506501689365416, 0.8622192265922134, 0.8746765780291436, 0.7238156641585277, 0.7549963305592261, 0.8583362259546214, 0.8406909892482584, 0.7202963790463941, 0.8484928650736021, 0.6100341546496327, 0.5751896594101505, 0.7078749531361771, 0.677495773148316, 0.8562751400234447, 0.856737793165738, 0.7429198377541666, 0.6868473660864786, 0.8490842768652972, 0.8642437034449284, 0.6614597762720811, 0.854882225683637, 0.8583321869272982, 0.7493021719919335, 0.46112377584108444, 0.5176499081897742, 0.5052739591428852, 0.4906929367693095, 0.4834843694089872, 0.5175281280594177, 0.512024515284988, 0.5202304637124695, 0.5037572422846732, 0.5146675905485588, 0.5231301372872149, 0.5129262108813724, 0.5324573167638667, 0.5143496566399751, 0.5295858090802553, 0.5090672442172637, 0.5341299476955655, 0.5340996145599208, 0.5345501471082421, 0.5222429822265814, 0.5346134213825262, 0.5328430096498084, 0.5490276788403642, 0.5354449247097719, 0.5405720951519194, 0.5465203101104762, 0.5516945322870431, 0.5620190437349958, 0.5487345080086723, 0.548042012130088], [0.7712305237990235, 0.7799084914299634, 0.7771166802376122, 0.7502688110218688, 0.7638513690816371, 1.0, 0.7461916727774308, 0.7493577997736526, 0.7633487575984603, 0.8372506719800255, 0.844438815627591, 0.8556132548296982, 0.7267597084138306, 0.8382420675488192, 0.7134016252532485, 0.6928604566265154, 0.7668599019368411, 0.752514872291866, 0.7787535054009307, 0.7603111806379304, 0.8058684611940409, 0.8313579086967736, 0.8240435443457366, 0.7398682853912362, 0.8399075468978309, 0.8247232746090234, 0.8215863007262711, 0.8224885946409607, 0.8007391678666747, 0.8281326379594457, 0.8226475243198985, 0.8186588017324894, 0.7669892118405764, 0.82933117906501, 0.8088826892142996, 0.8128971237459204, 0.7489386564599235, 0.8222403082179168, 0.835654737321931, 0.8254791993728551, 0.8016898160864525, 0.8159832464200791, 0.7807968348992999, 0.704775888878093, 0.8528912517104481, 0.8184210653565585, 0.8454841533455801, 0.8142108626808239, 0.8193002521348048, 0.8159056638455298, 0.809950574604095, 0.8463092716764498, 0.8093858004698953, 0.8194959071330691, 0.8189873133644302, 0.8129027885323464, 0.7065223459894324, 0.6661337198373285, 0.8152144588480899, 0.7656527391781108, 0.8347790231563621, 0.8200722760430063, 0.8361127772999842, 0.7735458545527614, 0.8067960985942334, 0.8181524061964407, 0.7800663366738736, 0.8203294317303912, 0.8166744376756511, 0.8471694450493829, 0.5206358903058558, 0.5785524598283286, 0.570204391469915, 0.5417488951665481, 0.5506159333812248, 0.5815160388019847, 0.5729143484134482, 0.5822448864272394, 0.5728575024631365, 0.5736417716163326, 0.571078255644243, 0.5776200596911795, 0.584405290932809, 0.5804821190613004, 0.5874343263456542, 0.57318741833519, 0.5956996134558503, 0.6022803822864684, 0.6062204753825894, 0.5891567124627485, 0.5985168457983845, 0.6083477576812476, 0.6191381038711414, 0.6048492235013735, 0.6055466553156603, 0.6265629061922376, 0.6259398742822747, 0.6199991566451698, 0.6229545808452224, 0.6276036872583529], [0.6628359533986292, 0.6771407552343476, 0.6646948169727427, 0.6315370792952595, 0.8170543370698148, 0.7461916727774308, 1.0, 0.8099406859268725, 0.6292699452265431, 0.7467060252770847, 0.8059720756336426, 0.7895450133862639, 0.7811329226239362, 0.7876841289964369, 0.7852603717453068, 0.7560279777067425, 0.8206690330336585, 0.8143126395174554, 0.8373851339413609, 0.8246542806147952, 0.8294704754648043, 0.7633113696392749, 0.7161193096007002, 0.6126118684638076, 0.748904430691506, 0.8079817997572912, 0.8449319162775353, 0.8111987156644295, 0.846253195944445, 0.6930828817492711, 0.8231085737362002, 0.850830024537879, 0.6565581106116727, 0.7512554900846612, 0.8484358390444077, 0.8565118334993963, 0.6555261096100337, 0.7999283137315574, 0.7931693587040538, 0.8134324686495987, 0.7092728345764522, 0.8195682320242813, 0.6594638986387297, 0.6189216037812553, 0.768509253021764, 0.7852867611773765, 0.7568910375603453, 0.8355667295633753, 0.8398268409424995, 0.8579921325357439, 0.6931958606211136, 0.7256182741168962, 0.8345857824451071, 0.8287596317623946, 0.7035047983416941, 0.8350050915845734, 0.6148902384552194, 0.5838837429736292, 0.7016040750790856, 0.6898752128395134, 0.8328798046533723, 0.8394849786072488, 0.7447228773576339, 0.6830570919881865, 0.8138737129061817, 0.8342903230610057, 0.6477813763919457, 0.8385592162324802, 0.8371147296893949, 0.7121318881973984, 0.45493862319375333, 0.5030449185796787, 0.48178890762266513, 0.47542185220550914, 0.4678481006726335, 0.5039009570591204, 0.4917113002786455, 0.5014542270934802, 0.482298015823885, 0.49156283629504816, 0.5018371611996761, 0.5040420536561814, 0.5137660460847252, 0.5069590661217754, 0.5155790244769389, 0.5051366937685627, 0.5148886148519268, 0.5247073226406755, 0.5288836973351424, 0.5208003425674499, 0.5204634916296601, 0.5192185974344945, 0.5386035479228855, 0.5287925916197677, 0.5328221213325411, 0.5436101377832919, 0.550505698953457, 0.5396022202952555, 0.538309809085467, 0.5262652645180979], [0.6801934789754197, 0.6836570792497831, 0.6790609716870861, 0.6363630233375935, 0.8229413523628581, 0.7493577997736526, 0.8099406859268725, 1.0, 0.6528239332361625, 0.763436720856921, 0.8104930344091719, 0.7948873396026725, 0.8123407758431429, 0.7972604598921592, 0.7964930988622513, 0.7725658524265802, 0.8447542668362558, 0.8129406626666297, 0.8243857645226027, 0.8037116165313171, 0.8372947440906846, 0.7742502546643114, 0.7312720559594194, 0.6355671954598794, 0.7486565515882032, 0.8097698819306992, 0.8486052252828725, 0.8153003154537345, 0.8569917068983579, 0.6955685093672005, 0.826664552606936, 0.8572536088717888, 0.6553042027629639, 0.7630509284500276, 0.8554990414116799, 0.8583331926996092, 0.6573782696419223, 0.8084715137633492, 0.7911102373109741, 0.8100435491356639, 0.7141906806862993, 0.820717521617958, 0.6799766943331279, 0.6359248938527445, 0.76818775127197, 0.7999548970086179, 0.7679707096703897, 0.8383552616736172, 0.8495602660693795, 0.8625725511795779, 0.6929396242152228, 0.7238230978049908, 0.838776934245322, 0.844006124080757, 0.7299739962142882, 0.8326880160497266, 0.6248506714240526, 0.5796010607481122, 0.7006104254920023, 0.7106024542875277, 0.8411786721435157, 0.8467058957526478, 0.7389581713168568, 0.7224095532544627, 0.8273950668453536, 0.8441578412003802, 0.671274631848764, 0.8439291778281883, 0.8398384574882038, 0.7281802007386505, 0.46201770167653367, 0.5157755022158691, 0.48922260918796934, 0.49056531231274825, 0.48517811599438265, 0.5159305527858618, 0.5073445200787918, 0.5142963871570909, 0.490395395999333, 0.4982188642286647, 0.5181374180597644, 0.5173174340717184, 0.5222280116847372, 0.5199458629600531, 0.5204770689405237, 0.5243187859644748, 0.528159456934106, 0.541005989184595, 0.5439816995698394, 0.5297454690160293, 0.5415098258669911, 0.5315962173568091, 0.5490466035902404, 0.5467018354805566, 0.548517165486069, 0.5539917426581136, 0.5625702418340925, 0.5477229676194258, 0.5483218136980395, 0.5356202374819817], [0.836614268642806, 0.7746461380302503, 0.8185116125471905, 0.8261433589368843, 0.6385590069606291, 0.7633487575984603, 0.6292699452265431, 0.6528239332361625, 1.0, 0.7784686997940156, 0.7355610159067332, 0.7325873864443022, 0.6348639545598466, 0.7160310735800258, 0.6243373956744258, 0.6356785868049106, 0.6458594667756351, 0.6709831759065831, 0.6583019051126157, 0.65211187325566, 0.6782527544970972, 0.7499288599767102, 0.7839563479231444, 0.8389868206666917, 0.7488786459446336, 0.707739404828449, 0.6842136260391743, 0.7034919472765379, 0.6771379001838295, 0.8166104404454384, 0.6822523269294826, 0.6878494692533351, 0.8108467139402126, 0.7347351550216901, 0.6872558135727997, 0.6878422880325994, 0.8221987161340595, 0.7312737183487339, 0.7053885900390409, 0.716601608755611, 0.7766999544970346, 0.6845016725531583, 0.8282363969220398, 0.8250829651398063, 0.7523831341346313, 0.7110230023289603, 0.7371922754349246, 0.6915680252400264, 0.69048343331852, 0.6858651627009428, 0.7603653067756361, 0.7519918426918687, 0.6760089209075113, 0.6947574491207879, 0.7959040403571119, 0.6876156140339216, 0.8173661263828781, 0.7610165802421065, 0.809971515539386, 0.8069971713948048, 0.6944148001547078, 0.6978889262891771, 0.7563079750334536, 0.8163108443827224, 0.6825221381197056, 0.6909097945079677, 0.8426647993096397, 0.6936291619540944, 0.6885205319008855, 0.772278010310871, 0.5640546758555521, 0.6048835283155712, 0.5871588057796546, 0.589755408879106, 0.583909198129049, 0.609726320179434, 0.6031687964675249, 0.6104260802710942, 0.6036784264107692, 0.5972214077296171, 0.6114507882741544, 0.620734055989974, 0.614151711590407, 0.6239133960098608, 0.614220591449656, 0.6422885803116443, 0.6349345903111825, 0.6517199031312589, 0.6432686079470734, 0.6340686166564151, 0.6527151040604824, 0.6488954777038262, 0.6608034902473617, 0.6728279499190452, 0.6613267093755234, 0.6781826244304932, 0.6750187764291949, 0.6518862115582079, 0.6767838229332672, 0.6793013689521596], [0.7926601885150236, 0.7879028699263176, 0.7834798576257241, 0.742488988119745, 0.7527739243235465, 0.8372506719800255, 0.7467060252770847, 0.763436720856921, 0.7784686997940156, 1.0, 0.8439039371897032, 0.8329426213742817, 0.7259038057269994, 0.8140518193988034, 0.7171982495367787, 0.7137789396443786, 0.7488149468734333, 0.7578422444833706, 0.7519096781592235, 0.7342214109280035, 0.7841748889765834, 0.8442342833731455, 0.835286306950377, 0.7592441711429528, 0.8323264979091409, 0.8025080171076628, 0.7956516793347155, 0.7871097494684888, 0.7879236631201628, 0.8203070125876363, 0.7884069880895568, 0.7894959933170371, 0.7644247910846232, 0.8106986618850677, 0.7936154400030718, 0.7974752455016345, 0.7482207260126339, 0.8336691931974247, 0.8094645451752873, 0.8220790945661857, 0.7976695737173556, 0.7852498119953073, 0.7860106194572228, 0.754829464274431, 0.8296505724174159, 0.8017609514145743, 0.8037096432816655, 0.789782962555565, 0.7911221464316828, 0.7970033665135071, 0.788466337722153, 0.8160862997970418, 0.7785185257053395, 0.7889399096957704, 0.8201729302933523, 0.7896251449425887, 0.7333857215962598, 0.677415709621041, 0.8019715966669955, 0.7929000197622601, 0.7881274256814292, 0.7899874127207275, 0.8042686419446418, 0.7874942650242232, 0.7827496382228689, 0.7913525909168708, 0.7881755744702723, 0.7882898712534703, 0.7887969775778072, 0.8195326172955044, 0.5076591852174402, 0.5610764172563314, 0.5389840466850883, 0.5369307047485539, 0.5336224838445808, 0.5689578388827788, 0.5563248243790547, 0.5677618502292308, 0.549123719453533, 0.5502641304527118, 0.5700132594235834, 0.5694338671038843, 0.5716690702462637, 0.5724093065596374, 0.5693954271140753, 0.5891630825248294, 0.5892576352500186, 0.5968718078764035, 0.5935958684951668, 0.5814059677401913, 0.5992979541064131, 0.5944837915609149, 0.6073630939082157, 0.6162454722645769, 0.605287996858937, 0.6184903791633668, 0.6175423850320424, 0.6067544372272281, 0.6141147994519763, 0.6125779684184974], [0.7612347546698179, 0.774942159335113, 0.7770788796210468, 0.727680763583752, 0.8207311885236866, 0.844438815627591, 0.8059720756336426, 0.8104930344091719, 0.7355610159067332, 0.8439039371897032, 1.0, 0.8681660556827278, 0.7606911882071082, 0.8631045967662431, 0.7468620049667121, 0.7101763705270425, 0.809080657411123, 0.7684855574482248, 0.7971229524416661, 0.7906528633461092, 0.8472252306897033, 0.8400106187892028, 0.8183267131512401, 0.7228531339481695, 0.8340055669970422, 0.8495852630109096, 0.8517373866385866, 0.8299670324613603, 0.8466641670857774, 0.8004823290555969, 0.8469320400056747, 0.8469292422794126, 0.7545300215855485, 0.8259427831261105, 0.8460176646737333, 0.851755776214228, 0.729155657430678, 0.8331962032118027, 0.8452937383301281, 0.8598601542270231, 0.7816613377910308, 0.8378331483956089, 0.7557933079557168, 0.693971007051306, 0.8399370801202717, 0.8331459510765593, 0.8187894129791508, 0.850666029262693, 0.8475773183895738, 0.8489013836310836, 0.7944674328075753, 0.8351791602758563, 0.8356043859498473, 0.8448603485613666, 0.7958099755486594, 0.8406896344329812, 0.6892472643980445, 0.64549109652605, 0.7852965429569154, 0.7607112380952841, 0.8493197750744443, 0.8405780170543258, 0.800428178946966, 0.7641387177245221, 0.8442785783157389, 0.8444553849617863, 0.7457523205863125, 0.8430797813502583, 0.84259407919685, 0.8089526368121666, 0.5021453919419456, 0.5629417703922103, 0.5467923404641376, 0.5306003528938869, 0.5345131645724768, 0.5642769864084846, 0.5559785952250302, 0.5691983690467312, 0.5511026025804509, 0.5551874136301183, 0.5639387026945244, 0.5611501970570325, 0.5751316805417107, 0.5694517354164674, 0.5731957832318987, 0.5624793779434324, 0.5807513128680034, 0.5880603320154145, 0.5884462615382245, 0.5695559105163064, 0.5843762143915693, 0.5833073944807723, 0.6031860462492504, 0.5897952306176953, 0.592697979026966, 0.6054219428327569, 0.6084302271087603, 0.6122809222544233, 0.6040045662377309, 0.609269581335868], [0.750110449658584, 0.7709985247440202, 0.7490987636870328, 0.7179153584180613, 0.812678319747408, 0.8556132548296982, 0.7895450133862639, 0.7948873396026725, 0.7325873864443022, 0.8329426213742817, 0.8681660556827278, 1.0, 0.7748768226608932, 0.886690159238784, 0.753917126596438, 0.730238165873925, 0.8175511522329026, 0.7990356254944609, 0.8177048807147138, 0.8030750541531857, 0.8650785369522892, 0.8616646303812698, 0.8173410642679951, 0.710986154114224, 0.8482249419122403, 0.8820389081330982, 0.8704065963812395, 0.8457332143186925, 0.8630369831183978, 0.7971549865598422, 0.8630392168663913, 0.8643280626981804, 0.742428675284199, 0.8663534043675527, 0.8692133001186153, 0.8679681023730847, 0.7240560334896919, 0.8655502026240395, 0.8734670478562954, 0.8596399982566656, 0.7765337661847509, 0.8657430538017654, 0.7522541711010019, 0.6855807510295047, 0.8627302560353957, 0.861547512719616, 0.855243381724537, 0.8594159402594463, 0.8679189053109019, 0.8719818870871177, 0.787493713095667, 0.8230990243661588, 0.8589785976876242, 0.862199378914704, 0.8074952171715993, 0.8676889113055272, 0.6839356408322588, 0.64412933653198, 0.7958311374989492, 0.7425022221883504, 0.870774548035861, 0.8665059941887505, 0.82462895523656, 0.7497413472756502, 0.8613804814131206, 0.8681847344031748, 0.7479499963457379, 0.8635155242244091, 0.8717377052680161, 0.8428285500186931, 0.5105442548888465, 0.5696485930554677, 0.5518604831859422, 0.5315219556442456, 0.5348678199099508, 0.5694028228662872, 0.5578535446149717, 0.5691994860435673, 0.5553777138879515, 0.5629311269325841, 0.5695554397187205, 0.5606785306927914, 0.5806057183535466, 0.5686575076665696, 0.5691852820669872, 0.5592513238937326, 0.5861283887304769, 0.5909876123756966, 0.59176919835521, 0.571335634473934, 0.5871940262071317, 0.5925437564036045, 0.6065799344724199, 0.5884201783480744, 0.5946159575724004, 0.6095279474650969, 0.6060247535527891, 0.6157353302677326, 0.6052871826252348, 0.6027899942092291], [0.650980302051534, 0.661555721057724, 0.6500311932114975, 0.612355315947957, 0.7952424312927068, 0.7267597084138306, 0.7811329226239362, 0.8123407758431429, 0.6348639545598466, 0.7259038057269994, 0.7606911882071082, 0.7748768226608932, 1.0, 0.7655983091297798, 0.7965037776237786, 0.7459575532836389, 0.8065440133739482, 0.7911268866737589, 0.7987255432588553, 0.7682631998399052, 0.8222088062768779, 0.75506440392082, 0.7017736976976261, 0.6114707802421184, 0.7356252708278878, 0.7964607486828021, 0.8282734885866142, 0.7854109456073839, 0.830497208310614, 0.684259779607791, 0.8120444080263127, 0.8237067170012279, 0.6401386389788711, 0.7449131104859515, 0.8249023982986984, 0.8354254857355424, 0.6466568358559597, 0.7867592520672271, 0.7798703767460478, 0.7800507205321793, 0.6959857660319655, 0.8089143562726478, 0.6573419673598059, 0.6208792687403306, 0.7652441344769864, 0.7847999521280842, 0.7525650236152416, 0.8100089544792795, 0.8241265863859779, 0.8384129341576175, 0.6803498100767296, 0.7096201112427684, 0.8134718470576404, 0.8109964720517048, 0.7090675117332921, 0.8114537139339988, 0.6152363120878348, 0.5760229583955501, 0.6940772694648472, 0.6728685995197179, 0.815986029665061, 0.8189142676792788, 0.719403639780614, 0.6699701683664836, 0.8043708059783607, 0.8157131154243555, 0.6527326570037669, 0.8168360568355008, 0.8208248009253108, 0.7177731561642775, 0.45321106827618785, 0.4999516678603604, 0.4779419866539697, 0.46731922203168286, 0.46519270248448263, 0.5016030235768947, 0.4865187027963058, 0.49292157704227146, 0.47896937758799274, 0.48723768277311086, 0.5137290071363332, 0.49879803182692317, 0.5066197142744943, 0.5039149054631717, 0.50764294974771, 0.5079653032526492, 0.5155289466427045, 0.5303754001584539, 0.5245646061531284, 0.5082180230237544, 0.5194552892596536, 0.5167789535773032, 0.5311879505879467, 0.526108333823868, 0.5254310901849722, 0.5427466966300457, 0.5435111638043302, 0.537026586629497, 0.5345831370143354, 0.5289599805636157], [0.7357728063498515, 0.7681839388450972, 0.7316906470493149, 0.710375226492123, 0.8070563404000374, 0.8382420675488192, 0.7876841289964369, 0.7972604598921592, 0.7160310735800258, 0.8140518193988034, 0.8631045967662431, 0.886690159238784, 0.7655983091297798, 1.0, 0.7461653758642148, 0.7145677291738848, 0.815429585367062, 0.7808741929018798, 0.8019459252343729, 0.7909251314983613, 0.8626226968818567, 0.8493461913344614, 0.8022291704212102, 0.695399229646454, 0.8459016954371448, 0.8823337973501036, 0.8546003233893593, 0.8382756708076147, 0.8629978351519699, 0.7759374579466181, 0.8550012687653725, 0.8551058900973312, 0.7248362896036666, 0.8459986252974925, 0.860930998341708, 0.854237772132533, 0.7138620481231351, 0.8485067430232677, 0.8572687115227976, 0.8493648082388181, 0.7733591189127356, 0.864181740721437, 0.7385935626816958, 0.6676993297594739, 0.8382386099853805, 0.8648016974919844, 0.8369789596619321, 0.8473887754087097, 0.8603554110564504, 0.8650429753957247, 0.7846645975651834, 0.8235900670611697, 0.8551556752174745, 0.8599317664073114, 0.7914054990048174, 0.8669682151016388, 0.6630083037075967, 0.627968452681816, 0.7775569501820929, 0.7321641487415261, 0.859429746794883, 0.8522061855919438, 0.8111909860137623, 0.7380868247285588, 0.8633223364126554, 0.8561083004713267, 0.7391086438269152, 0.850013587361064, 0.861496006837279, 0.8184688292664806, 0.4991987302216192, 0.557448900388235, 0.5347261182190758, 0.5182174571940924, 0.517805613876578, 0.5567645279875462, 0.5412677817576926, 0.5528661398490193, 0.5380243441914349, 0.548328675794996, 0.5599309142320674, 0.5488493326275359, 0.5701764594391503, 0.55104881967087, 0.5578702874529828, 0.5447221477488113, 0.5697159811743496, 0.5768222864237145, 0.5773501740243602, 0.5535871341151454, 0.5774886347672008, 0.5797981564064988, 0.5907060466651972, 0.5720760126529818, 0.5788443208579404, 0.5955457550357575, 0.5974965084769213, 0.6096839106535857, 0.5922275295539303, 0.5943394242947808], [0.6424993043559124, 0.6419924488567222, 0.6391830260194935, 0.6025142748949279, 0.7844964384374614, 0.7134016252532485, 0.7852603717453068, 0.7964930988622513, 0.6243373956744258, 0.7171982495367787, 0.7468620049667121, 0.753917126596438, 0.7965037776237786, 0.7461653758642148, 1.0, 0.751644438554459, 0.7851120858157443, 0.7909750757394997, 0.7898773027374382, 0.7682394194919085, 0.7928768965902314, 0.7376919605999156, 0.6923711036863349, 0.6068433492242898, 0.721096964549771, 0.7692122983005915, 0.8053151347920678, 0.7716957566218638, 0.8060969876700241, 0.6753846640620698, 0.783548987348979, 0.8132444010363804, 0.6320346029494094, 0.7260188203028274, 0.8104031033429816, 0.8194752988065194, 0.6529351292460638, 0.7747871341202933, 0.7597299317827364, 0.7647728913262662, 0.6844351641708901, 0.7857935344185477, 0.6429814592851152, 0.6133072305613382, 0.757156940727827, 0.766773953323971, 0.7381227039499532, 0.7946627160239114, 0.8059380007066905, 0.8218918089984424, 0.6537718879982447, 0.6863880346833209, 0.7960414647328505, 0.7911587365222165, 0.6964662523162949, 0.7931697003134421, 0.6062785971459146, 0.5726662289415695, 0.6879731672802966, 0.6756112190519152, 0.798015556386288, 0.8044214956171425, 0.7165226152687648, 0.6666762537908641, 0.7783211092735955, 0.8000465153862528, 0.6411208693556245, 0.8004290753812452, 0.801481972304977, 0.7028469053729763, 0.4456559998409786, 0.4875935950421345, 0.4664847477864428, 0.46064583049819174, 0.4573576223773512, 0.4919911480273157, 0.4757914682236212, 0.4838817681693872, 0.4693410836739387, 0.470550452089447, 0.4926719227025851, 0.4903284503001315, 0.49339572552949984, 0.49626712912834914, 0.49612689386628794, 0.4962570121405999, 0.5049009656660524, 0.5205651671662448, 0.5114321637073268, 0.4999230046615246, 0.5088520131764926, 0.5075764402172384, 0.5239819709995313, 0.5200597326560885, 0.5214484465385824, 0.5331795003999958, 0.5348897752605775, 0.5210728572128309, 0.5184184404101161, 0.5067897778913022], [0.6214857094737121, 0.6057134912368884, 0.6085452931658542, 0.5938107065518596, 0.7699646986740462, 0.6928604566265154, 0.7560279777067425, 0.7725658524265802, 0.6356785868049106, 0.7137789396443786, 0.7101763705270425, 0.730238165873925, 0.7459575532836389, 0.7145677291738848, 0.751644438554459, 1.0, 0.7603839548966453, 0.8052297600316399, 0.7928391926863141, 0.7684073312210489, 0.7747645752069374, 0.7304802647251979, 0.7018723047304529, 0.621090535696443, 0.7003686967612651, 0.7472954632128441, 0.7821971988670756, 0.766438683866826, 0.7673628729749673, 0.671814562753766, 0.752751571749388, 0.7869466796328818, 0.6116848284286246, 0.7109622206397761, 0.7850648519639355, 0.790836554362709, 0.6227806600929722, 0.7729279464312144, 0.7479329633046914, 0.7469102604892793, 0.6638892191965524, 0.7672750861532218, 0.6544232536492629, 0.6342775266183058, 0.730687696048841, 0.740594498049492, 0.7352613143734781, 0.776884016326352, 0.7833496284295023, 0.7904377909125775, 0.6291244092107057, 0.656679652679636, 0.7732530350495598, 0.7628293193062837, 0.7010224675958331, 0.7722246493000029, 0.6452776338740666, 0.5885650236757058, 0.6708730569041328, 0.6531261066295635, 0.7708003326734119, 0.794287600409127, 0.7052219091601054, 0.6495024236689121, 0.7558156646987404, 0.7843711365767101, 0.6669842816040806, 0.7835626388116224, 0.7805947479158696, 0.7086889631779401, 0.43946874761258636, 0.48093436175047355, 0.46092033242030483, 0.46427346238074274, 0.4620146980712527, 0.49056561796542364, 0.47657704537367174, 0.4819378666811648, 0.46469433679782135, 0.46858082311896854, 0.4803136988474772, 0.4901519347199925, 0.48655923364222897, 0.4902762927884521, 0.48669630382568263, 0.5085732620419856, 0.503821371011606, 0.5095556989235663, 0.5041208216135303, 0.5033390257645008, 0.5139955648156418, 0.5073475444216722, 0.5201502857000037, 0.528754700580397, 0.5245995862621053, 0.5309055173652992, 0.5285142022474779, 0.5059338524629272, 0.5282399917264579, 0.4941966062945333], [0.6656739840525783, 0.6833712324615976, 0.6682453199245805, 0.6607739905852951, 0.8428377442104704, 0.7668599019368411, 0.8206690330336585, 0.8447542668362558, 0.6458594667756351, 0.7488149468734333, 0.809080657411123, 0.8175511522329026, 0.8065440133739482, 0.815429585367062, 0.7851120858157443, 0.7603839548966453, 1.0, 0.8050687947974962, 0.8444068019965298, 0.8130042329644515, 0.8766192354147931, 0.7904457430890232, 0.7341563295325131, 0.63691406001197, 0.767943547224973, 0.843722530406152, 0.8652607150382547, 0.8226303586238182, 0.8673540090070408, 0.7150023823550248, 0.8475218985814917, 0.8678413412744834, 0.6603452080749572, 0.7880320403973807, 0.8680665293631118, 0.8706921219390684, 0.6500564577032564, 0.809096492048009, 0.838838039394706, 0.8248586725869081, 0.7216691913240848, 0.8591137371054604, 0.6799823110342726, 0.6253400052104393, 0.7827120169017451, 0.8125484845028191, 0.7891082104171695, 0.8475467655367567, 0.8650791184575793, 0.879912948437114, 0.7189338717218, 0.7539830378745787, 0.8652895225517717, 0.8490801179072122, 0.7293740835851635, 0.8517933500318553, 0.6195698438186364, 0.5846744540383365, 0.7122615599339778, 0.6788325043042033, 0.8542627965945746, 0.857963348602288, 0.7447063034434566, 0.6850625783340121, 0.8535511412450394, 0.8595257963721531, 0.6769880028894008, 0.8540847232684586, 0.8608961335679076, 0.757848928247885, 0.46005055209592693, 0.524955028469198, 0.5112714613940565, 0.49757425619734375, 0.5056859393350681, 0.5283050836338408, 0.5136324448506995, 0.5250763809343068, 0.5055376621907299, 0.5183870024216843, 0.5258154948761359, 0.5200274306136983, 0.5412857540057615, 0.5204805219971906, 0.5402639875033047, 0.5161979889358579, 0.5365432886146893, 0.540590644320482, 0.5442598619614604, 0.530388530168914, 0.5396862322366519, 0.5369824129804122, 0.5526539265840764, 0.5420930407651144, 0.5445661366678403, 0.5561779374264707, 0.5590504113175758, 0.5680331349335175, 0.553300134855552, 0.5561810180078127], [0.6723370770860201, 0.6651071398598656, 0.651552218051711, 0.6245788239063728, 0.8231609366384041, 0.752514872291866, 0.8143126395174554, 0.8129406626666297, 0.6709831759065831, 0.7578422444833706, 0.7684855574482248, 0.7990356254944609, 0.7911268866737589, 0.7808741929018798, 0.7909750757394997, 0.8052297600316399, 0.8050687947974962, 1.0, 0.860979970100945, 0.8306454714211982, 0.8323822493471336, 0.7838804073228937, 0.7359262092460848, 0.6392088279973761, 0.7552074417395589, 0.8138644048657754, 0.8521853963278219, 0.8282054476633842, 0.8454830116111454, 0.7121797400258473, 0.8238265256745705, 0.859981251810133, 0.6504358073656512, 0.7674522639200649, 0.8627620503967988, 0.863547111585945, 0.6754989561021424, 0.833484871389508, 0.8017064287429816, 0.7966359154710474, 0.7067490788408051, 0.8305053834895364, 0.6858070582286622, 0.6627800678066902, 0.7898488210250717, 0.8025960177129967, 0.799884878427855, 0.8426186843372242, 0.8518464273313013, 0.8678498602206581, 0.6721056114837691, 0.7093866855293398, 0.8471832537218948, 0.8350743848022146, 0.7434505439768327, 0.8461204745245158, 0.6553537107917262, 0.6121910434986951, 0.7257806836406314, 0.6921181769239556, 0.8440985468569835, 0.8669793938168044, 0.7647323622716824, 0.6873520473178908, 0.8236042132667682, 0.8574244368472903, 0.6951140258034284, 0.856130367844464, 0.8553277639417317, 0.7600047691560163, 0.4755661592202043, 0.5228113713931791, 0.4948864517359991, 0.4934225152317837, 0.48894496443469415, 0.5253314280815842, 0.5075046969700212, 0.5171726366232604, 0.5025183173776698, 0.5060622146327839, 0.5208691299461866, 0.5212482269806348, 0.5221000706012867, 0.5245006623811619, 0.5198043312568746, 0.5336532432281842, 0.5392663856762236, 0.5509844097668565, 0.5485740162740407, 0.5330944203029998, 0.5458612043586122, 0.5492621456847901, 0.5597660002613668, 0.5590419636529563, 0.5554838130770398, 0.567271664509864, 0.5667724678850534, 0.5471849780041632, 0.5534069842815303, 0.5262405147391727], [0.6661466852243758, 0.6674945851962697, 0.6610423478723378, 0.6419456962102804, 0.8503194955248956, 0.7787535054009307, 0.8373851339413609, 0.8243857645226027, 0.6583019051126157, 0.7519096781592235, 0.7971229524416661, 0.8177048807147138, 0.7987255432588553, 0.8019459252343729, 0.7898773027374382, 0.7928391926863141, 0.8444068019965298, 0.860979970100945, 1.0, 0.872286458134118, 0.8694788521990956, 0.7845178397063447, 0.7433067910972984, 0.6347843720726686, 0.7665738839468658, 0.8355006327961754, 0.8776749883694304, 0.8552454482262406, 0.8632240442050587, 0.7291317985197158, 0.8511900228617824, 0.8935658038469919, 0.6730064367588862, 0.7823191969598425, 0.8789161004252938, 0.8855140770205945, 0.6646952767801247, 0.8346378935839933, 0.8364435752464179, 0.823951626053083, 0.7214567393434972, 0.8566847403861517, 0.6912815620761181, 0.6364080799529293, 0.809389654501137, 0.8152959845820352, 0.8186770779616521, 0.8760128775254319, 0.8837166066164167, 0.8886691914213835, 0.6967319153518353, 0.7354099945946766, 0.8733591695518099, 0.8607637454256947, 0.7446447188040785, 0.8628460602266663, 0.6389828944489729, 0.5987991637590478, 0.734148327004062, 0.6929275347094763, 0.8711558991533669, 0.8882157006099174, 0.7788818261085905, 0.6910784196821337, 0.848997321855659, 0.881492455946946, 0.687127353097291, 0.8834626142285885, 0.8732585497016139, 0.7791791592997093, 0.4753576907307675, 0.5263462798334926, 0.5112572301530899, 0.4949779059012849, 0.5008151528120622, 0.5314533935418894, 0.5258768404143739, 0.5321892640424267, 0.5122693622816787, 0.515649577341189, 0.520293869315774, 0.531227346607682, 0.5337671934862058, 0.5328839616187867, 0.5315388731340275, 0.5289188162588868, 0.5408783164362911, 0.549733700818273, 0.5560444743308094, 0.542333731844686, 0.54449360300629, 0.5504903305730424, 0.560820370242799, 0.5552715729349698, 0.5531290719637664, 0.5686087967187272, 0.571926532791705, 0.5591325350671043, 0.5656983120493666, 0.5422250918511714], [0.6499641081127248, 0.6480886726495156, 0.6575758086389715, 0.633747392519717, 0.8274564800406881, 0.7603111806379304, 0.8246542806147952, 0.8037116165313171, 0.65211187325566, 0.7342214109280035, 0.7906528633461092, 0.8030750541531857, 0.7682631998399052, 0.7909251314983613, 0.7682394194919085, 0.7684073312210489, 0.8130042329644515, 0.8306454714211982, 0.872286458134118, 1.0, 0.8390702348578226, 0.7667077101111084, 0.7309064239693588, 0.6351262497452849, 0.7469884300178766, 0.8135529143656798, 0.8539745658787261, 0.8450422733985997, 0.8360636993146451, 0.724870526217635, 0.8234917366621121, 0.8612629889626857, 0.6626353517820994, 0.7663882553040195, 0.8533946962822035, 0.8547792569772722, 0.6524685403213981, 0.8150524708355048, 0.8098592100856038, 0.8107231993154692, 0.7087537388498457, 0.830080624640323, 0.679114782090612, 0.6198337460415684, 0.7853425725398469, 0.7929009939718165, 0.8031777503396025, 0.853538519807513, 0.8571043342502471, 0.8554616778607278, 0.6937276083129017, 0.7263319092671142, 0.8440765649270596, 0.8381942665527302, 0.7258036368084502, 0.8362702940084744, 0.6244245396300315, 0.5971499566214841, 0.7260075199611232, 0.6772858512882727, 0.846749391146109, 0.8643478830231972, 0.7704527652469724, 0.6832125241172758, 0.8260590939477888, 0.8545949919336576, 0.6750568600689802, 0.8607181778247943, 0.8446812373434087, 0.757028317771622, 0.48172385251953176, 0.5169304264847413, 0.501819768412763, 0.4912365850251641, 0.4917079995915765, 0.5170570311447877, 0.5153182034078404, 0.5242942188585064, 0.5107885387706049, 0.5113739082439254, 0.5090564142734075, 0.5253959280818945, 0.5198768012181121, 0.5276111516762569, 0.5183256687423864, 0.5165418521865984, 0.5250728308436103, 0.5363998398111597, 0.5416638958282962, 0.5393321796683999, 0.5319961019352982, 0.5388126346949573, 0.5533605358061113, 0.5428235492922503, 0.5425881167946149, 0.5556620476943543, 0.5584263732887754, 0.5468512915608832, 0.5583569335639357, 0.5295143204587207], [0.7030284984139322, 0.7299776119875243, 0.7017859784121462, 0.682492014798919, 0.8677810347143721, 0.8058684611940409, 0.8294704754648043, 0.8372947440906846, 0.6782527544970972, 0.7841748889765834, 0.8472252306897033, 0.8650785369522892, 0.8222088062768779, 0.8626226968818567, 0.7928768965902314, 0.7747645752069374, 0.8766192354147931, 0.8323822493471336, 0.8694788521990956, 0.8390702348578226, 1.0, 0.8389826758860947, 0.7735828725024035, 0.6665756807366996, 0.818314266