[[[1.0, 0.2373447654955737, 0.44099009122553867, 0.2308193820166864, 0.09713817679314618, 0.07549730630831997, 0.09012536838162433, 0.07301141363287045, 0.22175894432271015, 0.08457275876434056, 0.068802979030675, 0.06070733087340907, 0.0674884577655328, 0.07567162001335159, 0.04602429293353549, 0.06250515419583347, 0.07490500245649268, 0.09060790625155923, 0.0889389671596148, 0.06288056915022222, 0.09048428423557553, 0.06767022689950541, 0.09559855159850639, 0.15939809083907974, 0.06766832902608777, 0.07417400781012151, 0.10505998669209804, 0.06774577527849035, 0.10258721262627646, 0.10276734584811742, 0.09881381754033747, 0.1075506773173075, 0.33257216623655794, 0.07226260023747078, 0.1058106064128681, 0.10138975168881104, 0.05340002235253993, 0.056407453644739425, 0.06285918743407981, 0.05594580469319377, 0.08403491291425202, 0.0800489832723067, 0.10285393292971479, 0.029917582458667047, 0.0865497631051213, 0.07659925788794653, 0.06841523950443873, 0.06642568250368264, 0.10185072527424155, 0.10383289740869428, 0.07223277078002888, 0.0701330377231697, 0.10040168453327813, 0.10406754983820687, 0.07145815394623256, 0.09089043700095056, 0.05429849325744285, 0.08250046406764755, 0.10572618703757697, 0.11197065812880147, 0.09796082617018853, 0.10391249549578585, 0.09056918753982057, 0.07114378889141548, 0.09261337662747327, 0.1110937077388503, 0.09570579692796599, 0.10212349174939783, 0.09642106479274859, 0.046353415643798024, 0.02140523214316703, 0.04537545315157088, 0.046529349338396475, 0.016530058148370608, 0.01971573732704346, 0.026039003074581513, 0.025233651879605468, 0.034245789695808715, 0.02157623401639952, 0.03903072272466024, 0.027254690295415496, 0.04041256256860448, 0.05342934903136132, 0.017767702690181575, 0.04945815350026239, 0.02765642589822237, 0.037172524260367545, 0.06444898569828994, 0.12514168523585278, 0.03417684113381192, 0.05134268641744244, 0.02940248201499074, 0.024845658176750107, 0.04792318280721153, 0.047377987927595844, 0.06224641214283444, 0.04398908310969374, 0.038404261755878744, 0.0482464498630375, 0.18999694562166525], [0.2373447654955737, 1.0, 0.22794647855651362, 0.24747771457254142, 0.18040430542766117, 0.15808289132985598, 0.17691796607316357, 0.1607627788867998, 0.10200726388914183, 0.15555908271910468, 0.1824874314077547, 0.14986626078645027, 0.11996646869812178, 0.161052868644182, 0.11093136686686444, 0.07981090598791629, 0.14839496575072886, 0.10181193323039517, 0.119858905991028, 0.1138010538919344, 0.16947245658370214, 0.1280595886029957, 0.2025750329672471, 0.08629295830229688, 0.18059684853818236, 0.13922815643356212, 0.1858676313163259, 0.13863279601564438, 0.1902556382188716, 0.05367271192390466, 0.1867598077114182, 0.18527301798042695, 0.12895082419828507, 0.18346375204912857, 0.18426660237472214, 0.1807727899195617, 0.032658709636906424, 0.10665337671674457, 0.168090864224265, 0.13536025772908722, 0.07353172767969318, 0.16211534456505072, 0.05820897029062533, 0.04792574196289512, 0.09207731592499524, 0.15286019245238247, 0.09271317111995192, 0.15390540576376277, 0.1748486387517446, 0.187624527719068, 0.169570031329493, 0.23293211134165637, 0.1890342343871556, 0.18002057939335192, 0.05180717224137765, 0.16787871764283235, 0.040932764818399026, 0.048162853718653365, 0.07017942762069862, 0.07755852473931124, 0.17719532620235223, 0.1807626632075774, 0.12550872228313104, 0.041108742832132616, 0.1797980622820674, 0.1755181425792759, 0.06317012568896818, 0.17148013767340664, 0.1789592066977459, 0.11187519926703104, 0.04350486070718951, 0.062167913531606556, 0.07665129832022088, 0.04177047715869153, 0.04692765057349635, 0.04965738741150871, 0.03406290498623932, 0.05072257276973058, 0.042583362756555276, 0.037137776471536266, 0.07785995483773012, 0.03079934412895924, 0.08382928521513722, 0.041674903899206694, 0.06934589572766436, 0.0507084614141583, 0.04442512407343524, 0.06065579623329387, 0.07467323547913829, 0.04243756045054958, 0.053635144169355775, 0.05639539587896891, 0.04502127399259814, 0.05976796981784849, 0.04119579356544156, 0.07239089318560665, 0.06511408437317101, 0.04694202774837941, 0.04164388218537096, 0.0950148339238297], [0.44099009122553867, 0.22794647855651362, 1.0, 0.264538698221753, 0.10316758998617337, 0.05921393540451436, 0.1020046697002911, 0.09172870231552366, 0.24671434888832144, 0.12858601634059696, 0.09804241290390725, 0.08673587418715378, 0.07260827338314746, 0.08158129999704333, 0.06058606818330925, 0.06462929095681413, 0.08088831923156015, 0.07910330239829166, 0.08904880050568909, 0.07239834920855592, 0.09801913033422127, 0.05695154703654515, 0.1099894455718804, 0.14237857578879975, 0.062483417846135314, 0.07869968527893434, 0.10578142653113631, 0.05895973515950503, 0.10554352988212223, 0.09637298941980299, 0.09442221147296237, 0.10944503927223892, 0.2642523704838531, 0.05898494102754759, 0.10707387602835194, 0.102627756099684, 0.04089727679325306, 0.05345565319259693, 0.08246361184772377, 0.07357618541366995, 0.08480435940569486, 0.08314948170668934, 0.07157796809136052, 0.06397712796521193, 0.08713018143812667, 0.06852479824224222, 0.08160589182975386, 0.07798416258177121, 0.10038126927798874, 0.11100328076810573, 0.09952879666978132, 0.08906504376814195, 0.10825953106226138, 0.10255396785171422, 0.08737897699663333, 0.08677284797980844, 0.04245287104890716, 0.10425069719316671, 0.093351775751772, 0.08613901630603149, 0.08924346053503274, 0.1072937456928148, 0.10639341132019609, 0.07791025234420246, 0.09589147742714155, 0.10188575126288957, 0.07327245712064911, 0.09483870291700347, 0.0965168183960361, 0.04529812569720826, 0.028542181699879654, 0.04311610663079213, 0.04245835919986818, 0.02172181567010545, 0.028573536460225868, 0.04111077156876852, 0.01904538821693813, 0.029250586484947494, 0.03517502189415678, 0.06141954082393586, 0.043294240457028565, 0.036510615393774315, 0.05395097674233296, 0.02854636116916942, 0.05053852698354944, 0.027181240765577375, 0.04509724215750077, 0.04269199228675924, 0.11994131638299332, 0.02238350259144306, 0.05295457728298436, 0.04161690104644977, 0.04245935097015041, 0.03432603634143716, 0.04408804341488226, 0.05701504338928276, 0.05187471583726566, 0.04802445178502701, 0.0413615874445048, 0.2094380618281716], [0.2308193820166864, 0.24747771457254142, 0.264538698221753, 1.0, 0.08990781664559755, 0.08602510257160023, 0.07259169634563667, 0.046615356460409596, 0.2589182625122036, 0.07677783233285129, 0.04641415564151696, 0.06839561587037901, 0.0696978858906514, 0.055918867930510596, 0.046638058886196876, 0.04246893685476616, 0.0766715374952256, 0.045309843324677024, 0.08308266229392114, 0.05833937281732915, 0.07792060608184381, 0.05692541326070799, 0.07456929784947575, 0.1481802160157285, 0.03990970221115464, 0.04640403080604161, 0.07487041454065613, 0.060809783340704415, 0.07837463868898764, 0.0927666303230612, 0.08022086372755699, 0.090395739613788, 0.14490625502706012, 0.07450940280184071, 0.0865211838498735, 0.08975790097921799, 0.03871284232622807, 0.04338697843678263, 0.055947616001981726, 0.06248006079940416, 0.057689099471847305, 0.0626373036533846, 0.07067267718185266, 0.06946272905975392, 0.08965942113088188, 0.047969304919425415, 0.06144414766473705, 0.06781735238120545, 0.0765354684000965, 0.09281155472767222, 0.0796950319057177, 0.07445519939177747, 0.08680294889749296, 0.07980158063967357, 0.04222522623629699, 0.06877002212767724, 0.03694299766696707, 0.037333335054343664, 0.06910475952963213, 0.05469672370159029, 0.060410375616326006, 0.0763489148911034, 0.10467227981408067, 0.0681152484911165, 0.09118254173003415, 0.08413249974885273, 0.07842683151832786, 0.0855578051514565, 0.07348423290231942, 0.07700596618902822, 0.024315773667121787, 0.030283085015139655, 0.06722766209105957, 0.010904137213215814, 0.009007235094527832, 0.020640127792218688, 0.018048418525096643, 0.01254832343776291, 0.07766843896762965, 0.023662883905903764, 0.05248135916095642, 0.018178827672523323, 0.06456208477613246, 0.01901771153586751, 0.05052161523826659, 0.03546088569711958, 0.024319349430943937, 0.03813916834934694, 0.04528282557324981, 0.02001533597621641, 0.058956015980616505, 0.03597460625234683, 0.03468110727794571, 0.016914270802628084, 0.03556233671825637, 0.0630107345871147, 0.053350871271174216, 0.04622967383067311, 0.05383352392228147, 0.1683386018319898], [0.09713817679314618, 0.18040430542766117, 0.10316758998617337, 0.08990781664559755, 1.0, 0.3900692625813851, 0.8130590898197714, 0.8259879553396794, 0.09575215036871809, 0.3487890671741215, 0.6312706051850833, 0.6040729255320304, 0.7925484019973258, 0.6156604009916706, 0.7869678780260609, 0.7660397203822096, 0.8457492103348664, 0.8364922771148258, 0.866201774216176, 0.838557819484354, 0.8735971119267193, 0.4931049279137063, 0.24636307592162665, 0.1055743506582415, 0.4024946364750671, 0.7564324976996076, 0.876990609963501, 0.7827439975369859, 0.8613877819247466, 0.18633024685478583, 0.8346069724892592, 0.875680553683833, 0.10574058469416936, 0.5095766300141672, 0.8841180953716611, 0.8841916991111554, 0.25262944486313854, 0.6700003341161007, 0.6777608765681061, 0.6993907628761271, 0.2993530425745513, 0.8151457552991476, 0.24229410888361802, 0.2434472109674528, 0.4904348217221236, 0.6616026124379589, 0.5391667403832683, 0.8545349171532886, 0.8674782373066398, 0.8844755895245157, 0.30872597679038094, 0.36166701956493197, 0.8682032834199873, 0.8316783279261125, 0.34616109502817594, 0.8417415438165795, 0.2282080409070706, 0.22791028016228776, 0.2913766936993545, 0.2584731822433284, 0.8575064555109485, 0.8706235070471113, 0.4000463044058622, 0.2651010213251349, 0.8367900912129788, 0.8712914384125391, 0.22999939983292306, 0.8597871602219865, 0.86185835602182, 0.3808133142525396, 0.20101593256494277, 0.25403673035822416, 0.24483123477167823, 0.24030099666128235, 0.23087564724376552, 0.24711117839856467, 0.24339254033843571, 0.2491017870251, 0.24230234235989467, 0.2594862801765492, 0.258167299482814, 0.24288530640883854, 0.26139040607628705, 0.21875199141734014, 0.27209762829279305, 0.24597981379925038, 0.25937274763795815, 0.24210180692349303, 0.24199771074477028, 0.2465853557876656, 0.2521776437204464, 0.22411859162168013, 0.2589869300766251, 0.23882121860812677, 0.2513510315624199, 0.24795657076829947, 0.2409833577182845, 0.23876975519536048, 0.22090090590217437, 0.07125502502559411], [0.07549730630831997, 0.15808289132985598, 0.05921393540451436, 0.08602510257160023, 0.3900692625813851, 1.0, 0.3821354370990492, 0.3885881795351107, 0.08920228880825498, 0.3062790279580876, 0.3642986281142514, 0.39553726736977524, 0.33916997800305904, 0.3312465172554713, 0.3431399457052011, 0.3232716559613904, 0.38075915859642195, 0.35586134056343144, 0.37892058524856964, 0.3600857081887966, 0.3752685097676609, 0.2784134584715918, 0.13469314357237938, 0.1043218874610109, 0.2137992869482508, 0.33352078492337, 0.40040775870481016, 0.3679086075707393, 0.37624477185945016, 0.12973124906553535, 0.3906718962035787, 0.3930004160088859, 0.07821333868497393, 0.1921995647834719, 0.39173297326856393, 0.3968723553148926, 0.12097601899078858, 0.3023233122558563, 0.35938967290430757, 0.3290960332746866, 0.15191105824556705, 0.363916226647395, 0.13929844887381904, 0.068986701635955, 0.2893217516586277, 0.33970753275301724, 0.2835148490298779, 0.3744234924315304, 0.38774972649954287, 0.39444905254484164, 0.15190791234169265, 0.2741481910279644, 0.3876219769184547, 0.3860737051784342, 0.22960774056411393, 0.37754665109810304, 0.09412318773803818, 0.0961865409330549, 0.11140930260348059, 0.1368566946233053, 0.3908228069609685, 0.40188622575872146, 0.2310898947718577, 0.12138458743060465, 0.3755113263533194, 0.388599655532043, 0.11827943838105526, 0.3895501986833514, 0.3780635450736538, 0.2940782827312103, 0.11178200422293683, 0.11324064753696372, 0.1125063005758602, 0.11305015610975433, 0.07825668135361152, 0.0995263713184249, 0.12842514188455, 0.1123845786241574, 0.10307776433428784, 0.08821153835853535, 0.08843941895304719, 0.09825731518648106, 0.11330374506204177, 0.0990704110886107, 0.14967166460297454, 0.11712448888368865, 0.15123457851809552, 0.11379073625844516, 0.13747970199107384, 0.10169818414733822, 0.12053749143574799, 0.08257039335618765, 0.09713757675020451, 0.11694871799034812, 0.1201857911084041, 0.11107368634647086, 0.1000600257541604, 0.12215670896727726, 0.10542636758112256, 0.05513846156369295], [0.09012536838162433, 0.17691796607316357, 0.1020046697002911, 0.07259169634563667, 0.8130590898197714, 0.3821354370990492, 1.0, 0.8104009093149235, 0.08212416317042892, 0.3626272751369558, 0.6596998313597571, 0.5726301512233627, 0.7714763151219586, 0.610332083253132, 0.7859562987327202, 0.7493421062876241, 0.8156546368876937, 0.8133882575813928, 0.8352349661655353, 0.8229120013260612, 0.8289891792363561, 0.48694486649871327, 0.24812903309113943, 0.08992825563779117, 0.37731814643208894, 0.7327361829263287, 0.8431476986023726, 0.7682457891153147, 0.8442738887700058, 0.18405018317653954, 0.8019730962234012, 0.8516145169754212, 0.10399229057595227, 0.4739923864192185, 0.843963528243519, 0.8544450200841419, 0.2550119234880719, 0.6436850993090172, 0.631881793896561, 0.7200955832122999, 0.28824085768856067, 0.776257613293906, 0.23468042362742159, 0.24006529505376784, 0.4552109772258156, 0.6227490012087992, 0.49470267523436373, 0.8305146106785681, 0.8366713517549628, 0.8591399065543502, 0.29220077226465335, 0.3624876736736413, 0.8329403652635774, 0.812485717522588, 0.34191344089050246, 0.8138163665702918, 0.21045664606471415, 0.22911749621139554, 0.2756530914464641, 0.25901061827098404, 0.827523396956068, 0.8366811870019325, 0.38349631079119306, 0.2575942047868428, 0.7908360981009667, 0.8301143438229004, 0.2108159038000803, 0.8373943646050351, 0.8264244574788036, 0.2936926104555906, 0.20491113510158054, 0.24333710146041476, 0.23903568246471696, 0.2254910769899927, 0.23597506363728482, 0.23468710137512527, 0.23050901643323418, 0.2566050279576415, 0.21120428878794018, 0.24353871248573378, 0.24812472363483484, 0.2293004410082402, 0.24207169946387241, 0.20420575918979755, 0.2633792823102926, 0.23344271421980056, 0.22588171637870103, 0.2504802442683294, 0.24518181469424627, 0.2588376221110985, 0.23817165498584725, 0.2152646605447166, 0.24522978917122185, 0.24187175858242738, 0.24672389817277773, 0.24597894285598132, 0.2618397751066377, 0.2116435100245676, 0.20282790870135003, 0.06247528710051864], [0.07301141363287045, 0.1607627788867998, 0.09172870231552366, 0.046615356460409596, 0.8259879553396794, 0.3885881795351107, 0.8104009093149235, 1.0, 0.08602469536297175, 0.3598478796079426, 0.6467533484529483, 0.5782759797914779, 0.8065343430154394, 0.6241544015243113, 0.7938066996788543, 0.7686911857613302, 0.8496876586742805, 0.8073579443313611, 0.8348905689522301, 0.8094018974129378, 0.8421792156481306, 0.4921765229918411, 0.26853110471385444, 0.10023651233387088, 0.39378465025325526, 0.7368848460306436, 0.8539330608912735, 0.7734928205557154, 0.8628253703846137, 0.16675022110011062, 0.8164092116609425, 0.8666198891717571, 0.09906992920438351, 0.4882962332295355, 0.8638560091074134, 0.8664044143947212, 0.2345629821694999, 0.65782352824186, 0.6503361203238236, 0.6949649097154296, 0.29383243339731613, 0.7899307102336515, 0.23259924674932653, 0.24712815815054845, 0.47335358020452356, 0.6611906770327381, 0.531193980604385, 0.8425836776905683, 0.8557681089883177, 0.870695275455486, 0.2910554734829365, 0.35250179303152884, 0.8456076825647368, 0.8367257338326426, 0.3615299800421984, 0.8274995593727716, 0.20349193109850283, 0.21271424376284997, 0.281507950175343, 0.28434419680522904, 0.8477556950068765, 0.853411182391395, 0.3864902358775224, 0.27858732706353706, 0.820940321977499, 0.8519765672720726, 0.22090317350609356, 0.8514268638576585, 0.8381502338460901, 0.34313708074105076, 0.20397923036457177, 0.25444176395251883, 0.2299501907657414, 0.23899178046826175, 0.2198390197849489, 0.23444828857453792, 0.23555045128617502, 0.25552628992294246, 0.2142946283734538, 0.2338083151476914, 0.23913386960656347, 0.2494509833690457, 0.24083230293368374, 0.223435879265946, 0.26222986937792325, 0.23433986659517148, 0.22026996986775704, 0.23881776644106967, 0.24210360847240486, 0.25259946593057814, 0.2473985303727384, 0.22511265859646779, 0.2404326649576325, 0.24777479274911185, 0.24857359798017475, 0.2354511046087936, 0.25373102543096593, 0.2290525263241363, 0.19071832225898944, 0.05101122000786018], [0.22175894432271015, 0.10200726388914183, 0.24671434888832144, 0.2589182625122036, 0.09575215036871809, 0.08920228880825498, 0.08212416317042892, 0.08602469536297175, 1.0, 0.07828922013062167, 0.07024793209197899, 0.08489598464963266, 0.07947247821502434, 0.0838106765600144, 0.06888785720875623, 0.09073384511558658, 0.08587845372500424, 0.08939023721267414, 0.09366500174828007, 0.0740038125094401, 0.08786507401199861, 0.07046690130832578, 0.06966852224003794, 0.18557425797541882, 0.05569692042847174, 0.07960847418772343, 0.09785105550916928, 0.06369199873700859, 0.09363134943485829, 0.13254420347601348, 0.09388484955877863, 0.10239673302087637, 0.09991251872442075, 0.042634834583929804, 0.09181665437939812, 0.09526108366739161, 0.062375921470722684, 0.05656765193978619, 0.0483583064930011, 0.0442704752920966, 0.06092549918162704, 0.06725545012377288, 0.0908683078754926, 0.07441688868475138, 0.10561067397601709, 0.07488811570011167, 0.10203971469819195, 0.08995197168769864, 0.09022493986818347, 0.09960786535444721, 0.05780768055718699, 0.05776699490991566, 0.09290222691766459, 0.09180829765956822, 0.09043645990091875, 0.07175325982931358, 0.07855493984641138, 0.06465687465219838, 0.05778742599277242, 0.1121930507339105, 0.08388655132360123, 0.09148384523136166, 0.09146266883512844, 0.07401774943944539, 0.07856662043869733, 0.09536310394070513, 0.14929577238687908, 0.10010379003518377, 0.09165915472050579, 0.05697962389535649, 0.042040295567543406, 0.03345064961495847, 0.03129562286253551, 0.016046736637817638, 0.014178987055001091, 0.04081791897177123, 0.008594339364933146, 0.03223162280591141, 0.03245616538230567, 0.019890051014733068, 0.05141848637552482, 0.021283731802597017, 0.059966113286572975, 0.03320580690915653, 0.05196086299548719, 0.07494166521634549, 0.04594578911665881, 0.042099746040309305, 0.036152329787828674, 0.017296726106111437, 0.018854665607246468, 0.044639357527401, 0.05192799847630425, 0.08214344675334762, 0.053421191085209596, 0.04008728093574043, 0.05204468936609996, 0.046245890332149764, 0.06368038781955143, 0.28769252400300993], [0.08457275876434056, 0.15555908271910468, 0.12858601634059696, 0.07677783233285129, 0.3487890671741215, 0.3062790279580876, 0.3626272751369558, 0.3598478796079426, 0.07828922013062167, 1.0, 0.34072919755410336, 0.3409639493682649, 0.3036920712273319, 0.342406273831824, 0.31374028340276805, 0.3004912894818432, 0.3239089776195869, 0.3237920096959783, 0.32310090234398103, 0.31359908831831285, 0.31941230880233684, 0.29765550479726954, 0.11854116778362911, 0.035851604361129885, 0.2048738400363368, 0.32221810209850754, 0.33872398714188745, 0.2886532217073545, 0.3382883871191267, 0.16378810991092996, 0.3317837665050736, 0.33000405297605373, 0.07767279709128294, 0.19827194825201933, 0.33834264504992617, 0.339011219975182, 0.10485546841367732, 0.3436053581026124, 0.3623209829247158, 0.3222489643151798, 0.13606989089054844, 0.3158362287895462, 0.09269981642613923, 0.09529521579333133, 0.2384658591654082, 0.3177847738097195, 0.2065860795810266, 0.31961794714403813, 0.3291723728306375, 0.33924462688336, 0.163808646655337, 0.16274791311040604, 0.3315155735243325, 0.33344666780098464, 0.15992804508605918, 0.3257739270714315, 0.06556028417171877, 0.07773245117737337, 0.09439160924837464, 0.17908678093129637, 0.3209025025266584, 0.3254791165135438, 0.18398382846905936, 0.15391170636603968, 0.3194804137918108, 0.31980731819926156, 0.07735516742539139, 0.3201660142342144, 0.3230152157535835, 0.1522896022609248, 0.057361377798887836, 0.10366380710327872, 0.08859654552977991, 0.059188218497505996, 0.08700908226422399, 0.07672414608990519, 0.09524952307067658, 0.15802738075533262, 0.09436532498922523, 0.09147676406005445, 0.0998900221477359, 0.10490526314431647, 0.13431890098278343, 0.08567617702686381, 0.12194387303479004, 0.10505558089540812, 0.0972052497927286, 0.10535218521673739, 0.11116958015842837, 0.08979440894849744, 0.11833943953187531, 0.08384792359912263, 0.1021922008226337, 0.10216407702685615, 0.11683613245881297, 0.09530069821742626, 0.07383329233885205, 0.09688650461423265, 0.09477635217268876, 0.05416813728233938], [0.068802979030675, 0.1824874314077547, 0.09804241290390725, 0.04641415564151696, 0.6312706051850833, 0.3642986281142514, 0.6596998313597571, 0.6467533484529483, 0.07024793209197899, 0.34072919755410336, 1.0, 0.5420537783003875, 0.5279618782251175, 0.5824567082761561, 0.5302986688273094, 0.4368957486427404, 0.5922259921070526, 0.5067536372587748, 0.5379327576389208, 0.5490320281647466, 0.6028543292571289, 0.3697063496494045, 0.25421468400785463, 0.0813102170496165, 0.30157687695835245, 0.5654957720871002, 0.6118104804986305, 0.5188678671940066, 0.6206865539321401, 0.13728878009087686, 0.6162154679315052, 0.6043203302927913, 0.06905917048268706, 0.24993392792508795, 0.6095718451041862, 0.6160545127432775, 0.168697450932225, 0.4177687413892295, 0.4973074286762509, 0.5491687247276734, 0.20226039214732405, 0.554781196096025, 0.16322227341623474, 0.14116075584178145, 0.35320656129312455, 0.46179231226201334, 0.32223110911249997, 0.6024270033205178, 0.5942993812832665, 0.6114536728389993, 0.25267727444427235, 0.3643080451185081, 0.5980358976715552, 0.6063156876687996, 0.23501463723284954, 0.5825260310736604, 0.13491012361135857, 0.1530164958564605, 0.15764020899251285, 0.17757577341504072, 0.600624175452049, 0.5873300832882885, 0.2287008954494003, 0.18856372884729156, 0.6097281811789328, 0.5957881192086271, 0.14617746934135067, 0.587985626616574, 0.5865007368284754, 0.21985014152613558, 0.11867187621484843, 0.17822792824918654, 0.17321463867945475, 0.15195519738620777, 0.1683226277276323, 0.16881599334058384, 0.17939479194648222, 0.19561671652746226, 0.14664601976137037, 0.1605092884021404, 0.1560779906698403, 0.15988417150482692, 0.17837378222480615, 0.13684167181995388, 0.1986982214598878, 0.1605594759724127, 0.17783371656557456, 0.16424815362542666, 0.19521443388589754, 0.15038303641548545, 0.1679269581118472, 0.13435696255410756, 0.1939710343022757, 0.17415009172188334, 0.17477952395591734, 0.15715085241702909, 0.16494238106170322, 0.1683247958182329, 0.13541663449882124, 0.06706684004044416], [0.06070733087340907, 0.14986626078645027, 0.08673587418715378, 0.06839561587037901, 0.6040729255320304, 0.39553726736977524, 0.5726301512233627, 0.5782759797914779, 0.08489598464963266, 0.3409639493682649, 0.5420537783003875, 1.0, 0.5510726975846005, 0.5899718315811147, 0.5439980435788191, 0.519383516685413, 0.6040462323741539, 0.5757739285309819, 0.5947101104529133, 0.5805511595877052, 0.6262833696500597, 0.4799790066727909, 0.27292171757965655, 0.10262688997554559, 0.35377864376228596, 0.6115289078571204, 0.6348959546358273, 0.5140216568085857, 0.6392494250700094, 0.13521611168490288, 0.6242120169043904, 0.6323537398446266, 0.06607095733930157, 0.45121072292110964, 0.6394049670073924, 0.6319031044414135, 0.16228637730985107, 0.5364962564022402, 0.5779269970710303, 0.4960438118796924, 0.2089392069045407, 0.6261883438572888, 0.18624165378797486, 0.14578535467932474, 0.45828254161297344, 0.5763798125152506, 0.47129833751819283, 0.6170580181223811, 0.6356314823816207, 0.642872274817649, 0.2225636907305094, 0.25382550304642626, 0.6298331413064757, 0.6281914398884207, 0.3109193084414634, 0.6264249957813217, 0.1482132127264011, 0.16435970826232882, 0.19215759736487636, 0.1650829648849088, 0.6270690406497142, 0.6367082583031316, 0.29596138117836523, 0.18549207243435029, 0.6302443411934484, 0.6307114841280583, 0.17907756928996155, 0.6177609978641574, 0.6298458346186854, 0.3749347688994028, 0.14906983015632558, 0.1643638332858336, 0.17992993983864958, 0.1746167133421328, 0.17151026895978028, 0.16669803439932007, 0.16737392751136393, 0.18852721477729406, 0.1622301049623711, 0.17457079638930884, 0.17127876588418478, 0.1676026667528836, 0.18108159455663353, 0.16989839323462474, 0.1771078085718394, 0.16839144551580743, 0.18608623400319435, 0.15241548729173016, 0.17320018948201976, 0.17043021578952033, 0.1861664469077211, 0.14785795355396847, 0.20209357872780453, 0.1736563396910331, 0.1830704853245766, 0.18225387707106389, 0.1462857828532359, 0.17737879740629392, 0.1538397345206759, 0.04655135441451286], [0.0674884577655328, 0.11996646869812178, 0.07260827338314746, 0.0696978858906514, 0.7925484019973258, 0.33916997800305904, 0.7714763151219586, 0.8065343430154394, 0.07947247821502434, 0.3036920712273319, 0.5279618782251175, 0.5510726975846005, 1.0, 0.5587297623958625, 0.7963799680355566, 0.7344114209496548, 0.8026815643427849, 0.7850279833615372, 0.8022312800651191, 0.7591657053447831, 0.8233871393468438, 0.4742076527357517, 0.2437443841615583, 0.09813994670370063, 0.37348245642504185, 0.7096290200779759, 0.825876868388492, 0.743192750342103, 0.8281689826587414, 0.18839255603371174, 0.7821626083013434, 0.8301682778048888, 0.09659143397282954, 0.48450942988397716, 0.8240253629232829, 0.8332658558738112, 0.2417760987203138, 0.6539953988941747, 0.6466862060026177, 0.6463096298333829, 0.28145502084758345, 0.7751760027978103, 0.22687597510111357, 0.24501162583391056, 0.5018471843163621, 0.6464313666044349, 0.553296608901966, 0.8069409521767972, 0.8272487865418304, 0.8405450633978995, 0.2595815226350613, 0.317722676612638, 0.8125012718550055, 0.7851302937874044, 0.3561342952039057, 0.7924632908589108, 0.21918617808798657, 0.19765479156374566, 0.2636841093628872, 0.2634712175751396, 0.8158255423955103, 0.8216010661864245, 0.4050067110621707, 0.2463411114945504, 0.7858411767894823, 0.817279667630339, 0.20581639994825207, 0.8195852555103683, 0.8181830157930691, 0.39111155803347875, 0.18928439074508752, 0.23825527812119962, 0.23146015684220744, 0.2334821630289039, 0.20903808284421677, 0.2255086834908797, 0.21752774376175033, 0.22444509862621054, 0.18795105128569844, 0.22820271607080844, 0.2405301328219165, 0.2363750963444703, 0.24249165915070892, 0.21460063835612253, 0.25132817672890584, 0.23426126563940297, 0.21576986769300022, 0.2417089197806379, 0.22649384502778602, 0.23877862127828098, 0.23382276731249607, 0.21593833019100517, 0.22779196871491203, 0.23062745092489856, 0.22243302740087645, 0.23717786480313074, 0.25410897201253047, 0.22358445789019843, 0.20068773094660552, 0.05289286102963375], [0.07567162001335159, 0.161052868644182, 0.08158129999704333, 0.055918867930510596, 0.6156604009916706, 0.3312465172554713, 0.610332083253132, 0.6241544015243113, 0.0838106765600144, 0.342406273831824, 0.5824567082761561, 0.5899718315811147, 0.5587297623958625, 1.0, 0.5398848402006607, 0.4905298106127107, 0.6104435806988876, 0.5510391198485627, 0.582720549017634, 0.5762447594377273, 0.6381320282575076, 0.3786551905774658, 0.29495574875841624, 0.09617144334262084, 0.3490173526994851, 0.6352208090454582, 0.6418431391406985, 0.5566938612425764, 0.6516046364709818, 0.1150670253932391, 0.6395824569881319, 0.6336984588717345, 0.10821245908591759, 0.3635301974117844, 0.6443158203971646, 0.6396288194509872, 0.17910043204198045, 0.5445001065243862, 0.5095855920770442, 0.5385505018447254, 0.20740099027447623, 0.6088101636619563, 0.16820593598162314, 0.14154917001855827, 0.3890814466150505, 0.6287663978103999, 0.43065759769231904, 0.6235632834619236, 0.6400444496560883, 0.6490705916705181, 0.23151132561207155, 0.35177412795034213, 0.6341175983722986, 0.6417972401045566, 0.2993954028998187, 0.6459952140126802, 0.12394337939150124, 0.1486977719116972, 0.17923859477223392, 0.18016151774806866, 0.6350017137360604, 0.6274623581892343, 0.25906625745962286, 0.17672145779270032, 0.6482575591233792, 0.6347049134417642, 0.16449547244797302, 0.6219839403282545, 0.6348442641329961, 0.3166171079696012, 0.13956241648559975, 0.18584487920630532, 0.18654274383256475, 0.15582646639804487, 0.1706834914968215, 0.1766998594169722, 0.16594630808498334, 0.19507883260658188, 0.14752030462877963, 0.16612061140268208, 0.19063705141499487, 0.15495410403720367, 0.174965294887512, 0.15770384041138752, 0.1565940570352733, 0.15734010300498602, 0.19916019393828777, 0.17650280443091226, 0.2031180499544134, 0.16809711574286923, 0.1761611924420856, 0.16974893081140885, 0.20867109162598108, 0.19347357502688234, 0.16127277267479467, 0.18338058231177157, 0.17097598918580437, 0.17076954999596594, 0.1563937253572939, 0.03507342827245474], [0.04602429293353549, 0.11093136686686444, 0.06058606818330925, 0.046638058886196876, 0.7869678780260609, 0.3431399457052011, 0.7859562987327202, 0.7938066996788543, 0.06888785720875623, 0.31374028340276805, 0.5302986688273094, 0.5439980435788191, 0.7963799680355566, 0.5398848402006607, 1.0, 0.74297964834494, 0.7782601443578027, 0.789086453139742, 0.7975915762568994, 0.7731659039206462, 0.8021304475096024, 0.4819342467346682, 0.2395571333909362, 0.09194081336162618, 0.3714198479926014, 0.696978346360681, 0.8039978460898106, 0.7417164511941321, 0.802471796033552, 0.2009488284320602, 0.7586216740480375, 0.8210114301561232, 0.07358903782740378, 0.4796950674565743, 0.8170653753577798, 0.8271398264008087, 0.2555941326358735, 0.6616643960517834, 0.6470861814419099, 0.6593829056844518, 0.2734233407824692, 0.762492610959402, 0.21776269888012212, 0.22687589627356686, 0.49969186182655556, 0.6369687276821759, 0.541584901556235, 0.7949977870292301, 0.8079785511729907, 0.8308424873412222, 0.2602437843495716, 0.3011860005139346, 0.8014250652057165, 0.7743703256547825, 0.3571808373691463, 0.7852333135531451, 0.2170047553878156, 0.1986627136544965, 0.27631883760237486, 0.2553830840964656, 0.7985292814444022, 0.8110556006986054, 0.3995168879959785, 0.25227831865509953, 0.7599433078140532, 0.8053554884483728, 0.2142296250100736, 0.8092865181216404, 0.799571245885676, 0.37922692905980715, 0.18238445605788522, 0.23590576694135423, 0.2258779038942682, 0.23691841117433288, 0.20895504728200442, 0.22744188351520056, 0.22193140165366365, 0.21922698531947882, 0.19611662863521107, 0.22220115884900826, 0.23194672274362382, 0.22828701828934672, 0.22148431028131, 0.207044017968256, 0.264250398137833, 0.22389995722969402, 0.22527596919402126, 0.24309958966733136, 0.20989342498616237, 0.2360498526264746, 0.22075425523154202, 0.21311483038509205, 0.22136811527621947, 0.23222960510984247, 0.2232266866806777, 0.22729348509288505, 0.23795350972398233, 0.22171120874448924, 0.19320905821744316, 0.0405896255490944], [0.06250515419583347, 0.07981090598791629, 0.06462929095681413, 0.04246893685476616, 0.7660397203822096, 0.3232716559613904, 0.7493421062876241, 0.7686911857613302, 0.09073384511558658, 0.3004912894818432, 0.4368957486427404, 0.519383516685413, 0.7344114209496548, 0.4905298106127107, 0.74297964834494, 1.0, 0.7554376473470649, 0.8017429641559954, 0.7918008961317019, 0.7612131210261618, 0.776227783951213, 0.48090617515495226, 0.25109227689430813, 0.09906644387253205, 0.3616049697722282, 0.6511653555527612, 0.7768064267659931, 0.7330703394822432, 0.7573366561277955, 0.2199496835697634, 0.7119890839202878, 0.7908413174012775, 0.08973498032101268, 0.47963288461326825, 0.7935637658936396, 0.7940840206382191, 0.22929223069597449, 0.6727315700654677, 0.6463691256032079, 0.6186704422047837, 0.28387891142542654, 0.7476543087302743, 0.230495262163549, 0.25488825962592543, 0.5168429372360719, 0.6156573021449482, 0.5965278708718793, 0.7744658863507891, 0.783904403193402, 0.7961988359342937, 0.23270204683166162, 0.2428355219958831, 0.7754082462809136, 0.7360524411674532, 0.39302967841480385, 0.7566327274106036, 0.2424017169655105, 0.21795719833883864, 0.28244007398538473, 0.26486343736177675, 0.7683588796232204, 0.7960005804154524, 0.4222611621692971, 0.22706580961555312, 0.7160889059715698, 0.7856983395922441, 0.22184097237537315, 0.7859691768083593, 0.778466013375592, 0.41702512655285673, 0.20965201784417065, 0.22063629980399546, 0.21463239442206294, 0.21995905467899235, 0.20718420667072468, 0.2258038439276101, 0.21912258595227962, 0.21963473363779884, 0.2009486415180125, 0.2112558281121968, 0.22005341804732792, 0.23862556838106885, 0.21788573423473068, 0.20232521344906274, 0.25108349299038724, 0.22499679757787028, 0.2341347368989436, 0.23555908147269244, 0.2041066231639057, 0.25247455261294316, 0.2389629612258306, 0.20312580747434017, 0.22872571081538362, 0.22326099704775348, 0.2600786380663067, 0.2415217641826115, 0.2389779862451482, 0.2044259610061595, 0.19538116068467482, 0.05677562206255471], [0.07490500245649268, 0.14839496575072886, 0.08088831923156015, 0.0766715374952256, 0.8457492103348664, 0.38075915859642195, 0.8156546368876937, 0.8496876586742805, 0.08587845372500424, 0.3239089776195869, 0.5922259921070526, 0.6040462323741539, 0.8026815643427849, 0.6104435806988876, 0.7782601443578027, 0.7554376473470649, 1.0, 0.802682332161791, 0.8561106971473029, 0.8210182031393852, 0.8819044271188985, 0.4945553295850338, 0.27045400167060274, 0.10451810393513072, 0.39322577869427644, 0.7590335952154602, 0.8678183295187657, 0.7749067292766971, 0.8698627983592363, 0.1937305168188984, 0.8320444982879159, 0.8778522851153747, 0.09956144381452936, 0.5089100518478485, 0.8788967402597073, 0.8783877928680764, 0.24291142967071033, 0.6671030937329827, 0.6967239940552471, 0.6869096583988724, 0.3108804722549148, 0.8321209234829539, 0.22135116800001842, 0.24516528130896365, 0.48999591545550003, 0.6772252099388462, 0.582006163053134, 0.8449907929123247, 0.8703181114335136, 0.8881564538408018, 0.2907586946294324, 0.3531723826340798, 0.8719964035014287, 0.8325949863878542, 0.3568146394519167, 0.8459505281773277, 0.22475781145168616, 0.21637988058003887, 0.27899744924631387, 0.24810707787110198, 0.8544915176489355, 0.8658429592516438, 0.39437848711595835, 0.25792170731531394, 0.8402747680837381, 0.8691083692507738, 0.22803205631890366, 0.857267657274789, 0.8597655520203626, 0.402637413290142, 0.19251095932632378, 0.253443837413281, 0.24434388326093248, 0.2395818024766586, 0.24542309797371642, 0.2385110357700827, 0.2331093521382822, 0.25509832725432013, 0.22411347499078238, 0.2511748712000159, 0.2401225879066674, 0.24481236896126612, 0.2535733852185502, 0.2251556019597325, 0.2779991524146319, 0.24341057169221292, 0.2355734277185939, 0.24930592446463617, 0.24039619696385228, 0.2402472065947947, 0.2495602898162147, 0.2257772882206056, 0.24197141516762555, 0.23936876544796026, 0.2364839292865173, 0.23387492954104672, 0.2508017994653764, 0.2291624697569994, 0.21964879199503196, 0.06562177541669911], [0.09060790625155923, 0.10181193323039517, 0.07910330239829166, 0.045309843324677024, 0.8364922771148258, 0.35586134056343144, 0.8133882575813928, 0.8073579443313611, 0.08939023721267414, 0.3237920096959783, 0.5067536372587748, 0.5757739285309819, 0.7850279833615372, 0.5510391198485627, 0.789086453139742, 0.8017429641559954, 0.802682332161791, 1.0, 0.862275075916136, 0.834301609381546, 0.8374961426241598, 0.5146069717775341, 0.2659535391533807, 0.11891233949716784, 0.39399819486554966, 0.7099498239546311, 0.8547369276543846, 0.7812703242121729, 0.8386501063099722, 0.20685739029294214, 0.7898079679651195, 0.8679387802715969, 0.09230933448994638, 0.5167344854059452, 0.8671071896835401, 0.8674025398826525, 0.24975060687562822, 0.7153599228862174, 0.6861545073313973, 0.6608618819868742, 0.29007587842150495, 0.8024774315012974, 0.2398453544754795, 0.2631265794421671, 0.5422104034925339, 0.669756691797071, 0.6202507003536871, 0.8350589281792644, 0.856657215774733, 0.8743960722786679, 0.25323530203852584, 0.28749162180325283, 0.847930593260929, 0.8107026635112429, 0.4059519872514097, 0.8310943260997901, 0.23878068207563408, 0.24483469030856098, 0.300332350251559, 0.2681350850628199, 0.8441337685574727, 0.8708976212692547, 0.4448794065127606, 0.27041230398293337, 0.7967052895008214, 0.8645461535847311, 0.22681620436032612, 0.8585607319280868, 0.8524276350599966, 0.4445016849416037, 0.2053140518555484, 0.24783667046134528, 0.22196360625053657, 0.256085452075981, 0.237482905663575, 0.24229977673716552, 0.2289872159669365, 0.24150152662452673, 0.2209144691183198, 0.25056771458072746, 0.24907319043491571, 0.23245225627838062, 0.25176511533348367, 0.22860834854760814, 0.2675471783667127, 0.23122777250337156, 0.24320176857333675, 0.25524079678951184, 0.2359198391375008, 0.2581640023977958, 0.24302879240083797, 0.22302433016236134, 0.2459503673325848, 0.24710856578873497, 0.25307053411359637, 0.23600315843686626, 0.2505656959022119, 0.2400059523376411, 0.200946492612593, 0.05371806465898643], [0.0889389671596148, 0.119858905991028, 0.08904880050568909, 0.08308266229392114, 0.866201774216176, 0.37892058524856964, 0.8352349661655353, 0.8348905689522301, 0.09366500174828007, 0.32310090234398103, 0.5379327576389208, 0.5947101104529133, 0.8022312800651191, 0.582720549017634, 0.7975915762568994, 0.7918008961317019, 0.8561106971473029, 0.862275075916136, 1.0, 0.8803807570695729, 0.8856680774492579, 0.5023553486741488, 0.2670985595393751, 0.10780358295176673, 0.3904070950073595, 0.7425092252140799, 0.889508189024638, 0.8104751655707836, 0.871403051184111, 0.21373624801206714, 0.8302979570018988, 0.9046896869204675, 0.10873716155808244, 0.5132365675073911, 0.8954858926888588, 0.8973111014479886, 0.2539552873898925, 0.7130378466220281, 0.7119875616352594, 0.6840893741205952, 0.3098519150576149, 0.8369568841300905, 0.24632370252815416, 0.2577410997601579, 0.5542144643622511, 0.6847396051186673, 0.6419701704231974, 0.8740490028596601, 0.8956312596063958, 0.9035964269140598, 0.27135615375598543, 0.31270491214299256, 0.8843321807455806, 0.8483862975891516, 0.400718401972318, 0.8588468917897888, 0.2312731451329646, 0.23752183139189254, 0.3135001115240593, 0.2669734014978886, 0.8733299974360897, 0.9000246360811247, 0.45766806285521455, 0.280208498525797, 0.8362749752920849, 0.8922646015289235, 0.24476459376405035, 0.8927786424349673, 0.8796201273707523, 0.4564382336439001, 0.2156380158965331, 0.2566229211399922, 0.2461986797064537, 0.24614614031008664, 0.23425860974875168, 0.25148408629543484, 0.2593759557249504, 0.26434165308935476, 0.24808761164831383, 0.25803154233791625, 0.25615653770052293, 0.25492929506217754, 0.25415369929688025, 0.2421424627645099, 0.2744084545743113, 0.2544650432000588, 0.2521853629781131, 0.25562321689879086, 0.2590207783661018, 0.25508953673670964, 0.2535509664450277, 0.24117797316500922, 0.25743866861027653, 0.25376258195518675, 0.25173776008261783, 0.24768387691429883, 0.26371404603851956, 0.22759490198071564, 0.2240162691559079, 0.06616422394504029], [0.06288056915022222, 0.1138010538919344, 0.07239834920855592, 0.05833937281732915, 0.838557819484354, 0.3600857081887966, 0.8229120013260612, 0.8094018974129378, 0.0740038125094401, 0.31359908831831285, 0.5490320281647466, 0.5805511595877052, 0.7591657053447831, 0.5762447594377273, 0.7731659039206462, 0.7612131210261618, 0.8210182031393852, 0.834301609381546, 0.8803807570695729, 1.0, 0.8465888140598511, 0.4813150192505389, 0.2609082888562547, 0.1025647073430439, 0.37453159080935783, 0.718940218246378, 0.8567752760493714, 0.7963446114809123, 0.8374225834671041, 0.2120029676289511, 0.7990594539215488, 0.8684498330277762, 0.10277307451082918, 0.4953994310112493, 0.8630989242195798, 0.8647287992445011, 0.25055230080311974, 0.6895444462210617, 0.6753839403617524, 0.6803156922086253, 0.2893715980769831, 0.8068572015469591, 0.23111043591115177, 0.23864278288820862, 0.532590045465221, 0.6488714937647556, 0.6053066668410454, 0.8483064441261213, 0.8620596917477236, 0.8655580416728087, 0.2827334495842295, 0.32237858687642795, 0.8532691187996829, 0.8210787283327209, 0.377183355035591, 0.8255379746221442, 0.22535685578571152, 0.23943414860694334, 0.2924828163004367, 0.24531535698836882, 0.8470760194409825, 0.8664398285881556, 0.42999655629258404, 0.2621875358